0.0
0.9124406011799329
1.7167232165750352
2.32014264783891
2.6584749079584946
2.7045555920809012
2.471112642050202
2.0074966130042013
1.3909410699396472
0.7138606119159068
0.06930905284854738
-0.4630247963512667
-0.8280500524888107
-1.00201478333241
-0.9938252034621173
-0.8409434438440173
-0.6007741029247977
-0.33918437396388024
-0.11823922363683481
0.014697967567983028
0.03465314053373958
-0.057710338985190957
-0.23769222785872648
-0.4625404868261322
-0.6805838826479461
-0.841737462813188
-0.9073960082275018
-0.8578810810899583
-0.6960876858154592
-0.44669757957173234
-0.1511563227116291
0.14060015694663963
0.38007887743801444
0.529920654857044
0.5714841633045431
0.5088405401209998
0.36835341741903616
0.19383510275985016
0.03809715993332957
-0.047596841630827336
-0.02424332318146205
0.12603863562775453
0.3947251639150917
0.7463154891614808
1.1227809019465738
1.4524524629349382
1.6619536027335942
1.6891986050411925
1.4952258861766976
1.072765937188806
0.44994168775344656
-0.3117160801421681
-1.1248143614351733
-1.8881420363489263
-2.5013741611073863
-2.8801193203163544
-2.968895478464839
-2.7499238793730956
-2.2462882756709237
-1.5189099676859834
-0.657787634914108
0.2311219401092676
1.0413053213144294
1.680941310958749
2.0856065849468632
2.226484155009745
2.112875029426375
1.7887568358476327
1.324106160715079
0.8025406395131744
0.30740311791047015
-0.09138817459749393
-0.34759130082128453
-0.4444086750882187
-0.3949888858434438
-0.23779734966195148
-0.02786413310188368
0.1744034171940272
0.3147843262508805
0.3551209480586467
0.2798039009147738
0.09781043362940595
-0.15993354612722704
-0.4472471657397963
-0.7120987710180863
-0.9069042181965762
-0.9977668864800661
-0.9709276317668485
-0.8352278927680504
-0.6201403187524365
-0.3697520084182167
-0.13384507853272443
0.04223007662079403
0.12695240619315362
0.10947609235568301
0.002552611723845133
-0.159134605376282
-0.3250454513240966
-0.4382675903884462
-0.44675229392558813
-0.31427358228237834
-0.029069880419028027
0.39151944738838207
0.9014475844430956
1.431547962945551
1.8995695594757165
2.2231108632174785
2.3333515906841855
2.187279614399827
1.7763000054968674
1.1296671564089307
0.312010179145938
-0.5848114597295494
-1.4543432788724822
-2.1907260267297737
-2.704061413445374
-2.9335213917739877
-2.856118407000465
-2.4897483873467507
-1.8900422969688475
-1.1415616576623981
-0.34478171954181136
0.39902823940045723
1.0026045154524517
1.404834295723948
1.5783853743427763
1.5317330000693439
1.3054386218524292
0.9634848746595283
0.5812681190458884
0.23236172957836065
-0.02369225830912347
-0.1505471695594799
-0.13973527133790692
-0.010247541073659217
0.19671231725051563
0.42668904953924114
0.6229217495378901
0.7372414785741912
0.7389505011547508
0.6201247298995259
0.39646365825490604
0.10364085034755702
-0.21006666727627538
-0.4934178181089989
-0.7022606555948046
-0.8080835817156835
-0.8034396467369618
-0.7032076631530458
-0.5414335773302625
-0.3643250476097203
-0.22070103386483497
-0.15169351410687426
-0.18166857219692223
-0.3121451490927125
-0.5199718851264645
-0.760264966070682
-0.9737456554623152
-1.0972986430283118
-1.07594836270694
-0.8741344548919492
-0.4842210568033791
0.06940515196102637
0.7315733928923419
1.422929990807245
2.051003737211642
2.524045782829781
2.7654357743251934
2.7262928813710516
2.394174257233852
1.7963480052160912
0.9969945885895747
0.08867601824616009
-0.8206488791596191
-1.6230503008983486
-2.226075673337506
-2.5657930899065673
-2.6153939642479083
-2.3880440764008943
-1.9336097780488382
-1.3298788910758987
-0.6697778266354523
-0.04671119562959036
0.4595844980355315
0.7944163062794485
0.9349902822072054
0.8917879629966237
0.7044403487384525
0.4329959377208251
0.14622809186585028
-0.09092052656822913
-0.22857494122039557
-0.2399577684275186
-0.12493621443955205
0.09136907129505814
0.36448646726643985
0.6397922093773394
0.8632334454431719
0.9915721512807838
1.0002777858052747
0.8876624020058421
0.6745654386356588
0.3997263069835616
0.11178078089804899
-0.14056164359528478
-0.318269446809744
-0.3997951440475387
-0.38542162652923384
-0.2972759509414643
-0.17494434396301553
-0.06744872990627204
-0.023041792192287303
-0.0787169230389595
-0.2514289335136406
-0.5327586066081768
-0.8881710040272686
-1.2612133039928464
-1.582112693658756
-1.7794244321245056
-1.7927894379982359
-1.5845977423938193
-1.1484709968939295
-0.5129603998926568
0.26037156844163534
1.084384892168819
1.858275760294937
2.4821576697872914
2.872012482865991
2.972607641778399
2.76626992534437
2.276055036176804
1.562749537777476
0.7161381657309374
-0.15810112270616516
-0.9538053497629739
-1.5796031466486258
-1.9716606640471497
-2.101927663535163
-1.9806655404940832
-1.6529833248741364
-1.1900861282074868
-0.6767890023369518
-0.19742690343634162
0.17749537313851727
0.4017518617827024
0.4593228163734935
0.36498429871973775
0.1596677611872002
-0.09841716306090081
-0.34520809098994587
-0.522686145213846
-0.5891453228651801
-0.5260827283596644
-0.3406023029761697
-0.06305116058158022
0.25953254868401165
0.5728406490694014
0.825773580745472
0.9800074413874187
1.0168806069299663
0.9403507379611108
0.7755159641662817
0.5630250548895459
0.35046976367494076
0.18241908025358522
0.09101685929862102
0.08897281824501568
0.16634708610532756
0.29183603132695757
0.4184352626354934
0.4925336260113463
0.46482838349657996
0.3010683595818525
-0.009398174148443017
-0.4489595873192652
-0.9720039768174477
-1.5103044921757207
-1.9828183978684428
-2.3083895978753475
-2.4192867612163664
-2.273297306616012
-1.8622740884542202
-1.2155726883390612
-0.39763556892290264
0.5000608883839406
1.3715408088204817
2.111429194257148
2.6302529376844417
2.8675160033094755
2.8004627566386464
2.4471306019088486
1.8632132119110687
1.133255378646228
0.35761298420164567
-0.3627152832698445
-0.9409554966921845
-1.316776739649932
-1.4639783179028534
-1.3925362583451728
-1.1448442958680127
-0.7869417314964366
-0.3963288642711509
-0.04849583863771667
0.19555200361746727
0.29872083809234706
0.25273054803012895
0.0778298055619071
-0.18242919002301708
-0.47026328618555335
-0.7248475297834707
-0.8935684328415677
-0.9413341429058512
-0.8563328063304614
-0.6513066050750339
-0.3602392470631982
-0.03118954434261323
0.2833058836051166
0.5364139661905605
0.6958405199628952
0.7496594800075909
0.7080487104009142
0.6006160869441834
0.46982880436537544
0.3617958759779434
0.3161643396748455
0.3570797355412437
0.4869940225133401
0.6846061876417291
0.9074787379103022
1.0990178742513845
1.1986888115774108
1.1537075405948611
0.9301221134861805
0.5212340206257077
-0.04828660399317064
-0.7235337443047776
-1.42580038309693
-2.063450572621414
-2.5455724779454805
-2.7962317962141805
-2.766982156382328
-2.4455213435525245
-1.858975417089287
-1.0711507717262447
-0.17407460313788786
0.7249172277387622
1.518547592215275
2.115010492033968
2.45100137857226
2.500321532253957
2.2767322990557
1.8306707101509498
1.2404331457267077
0.5993219441205144
8.835419179098469E-4
-0.4753581287099564
-0.7753954789867206
-0.8776830790253877
-0.7945496904724134
-0.5680308518281116
-0.2610061761822959
0.054712296507423486
0.3112267570240047
0.4561233567977008
0.46083529634663284
0.32447704848999254
0.07264981935911632
-0.2483907253485673
-0.58101023473969
-0.8671443121078846
-1.0588975310109228
-1.1268826931055944
-1.0648418407333673
-0.8897968631174508
-0.6378095301449969
-0.35623809288828007
-0.09401520077604852
0.10817417675786312
0.2259286936754108
0.2558339661243353
0.21591194453247342
0.1416925506299459
0.07860967047202647
0.07212784375736792
0.15745975943729795
0.3508531222635146
0.6441831216422897
1.004022412600357
1.3755708715706711
1.6909502956018643
1.8805597596278272
1.885590637532418
1.6695258251324776
1.2265497946780246
0.5852638399863961
-0.19314066468415203
-1.0221754407735013
-1.8018089353940419
-2.4328960973220544
-2.832009223708772
-2.9442791443574476
-2.7521396821153807
-2.278507625386336
-1.5838208177571689
-0.7573505656865324
0.09586469412406295
0.8704057087624384
1.4757465069953728
1.8490114939345874
1.963233859263609
1.8298805503413025
1.4953535748935587
1.0321604423144652
0.5263034323660795
0.06302578562989791
-0.2867229802252653
-0.4769139016356284
-0.4925053935037895
-0.35010170398224594
-0.09328528809374495
0.21639750145679826
0.5111071496828353
0.7289420820342734
0.8245980516931475
0.7766574496627353
0.5903494778338153
0.29545047188379203
-0.060137069732759674
-0.4198315583661072
-0.729038352924827
-0.9450479288359339
-1.0443598653694215
-1.0261309260571307
-0.9111806367258624
-0.7368193692996847
-0.5485413274438213
-0.3902074912003055
-0.2946261384593575
-0.27636951346230976
-0.32825611556276724
-0.422251611865075
-0.5147185619660262
-0.5551240046467647
-0.4966433146299187
-0.30670176343418587
0.024552605526213966
0.4795357999443626
1.0133372107247063
1.558879722752349
2.0364623445095864
2.3662157904832037
2.481437994933859
2.3405538807797335
1.9356067680370233
1.2957160783636574
0.4847426525969821
-0.4066449895012391
-1.2733732825956423
-2.0109428995810683
-2.5306363204943096
-2.7725352793376072
-2.7142607637978116
-2.3740275215292512
-1.8075203656753676
-1.0990985578525976
-0.3487503504724349
0.3431004918872909
0.8905036530062782
1.2342463360199194
1.3495728770380166
1.2482300245200053
0.9746551505204276
0.5970887366310855
0.19521137930344756
-0.15355677083675312
-0.3867867502212261
-0.4667164348079418
-0.38535586426332846
-0.16432228152147488
0.15037799788543071
0.4975440899256367
0.8122195814472352
1.037303824753474
1.1332913072771196
1.084480629131811
0.9006646451018672
0.6141453478657465
0.27276159878339257
-0.06967534176472534
-0.3636988237880091
-0.5733110417990411
-0.6822186199069311
-0.6960408074324274
-0.6401141491512017
-0.5533468208017395
-0.4793213103085775
-0.4563702059157321
-0.5085600919729666
-0.6393729162251383
-0.82939635245783
-1.0386080824565536
-1.2129922523503676
-1.294410978777628
-1.2320170214104902
-0.9931527733467849
-0.5717015871850978
0.007757064674543068
0.6909485657424781
1.4001443850000348
2.0448146634976685
2.5350717768435533
2.795754189824331
2.7788269470452565
2.471995067887554
1.9020072264055408
1.1319753172117937
0.25301009322962725
-0.628589556295819
-1.406614439155686
-1.9902910710052975
-2.3172716076763495
-2.362218395011046
-2.1396473299375867
-1.7006272962404523
-1.1239295560599012
-0.5031146002423036
0.06831416213892572
0.5112760839245746
0.7727024595500489
0.8325502214980702
0.705229747220466
0.4353806863097817
0.08886865599922811
-0.25934937500395705
-0.5383611433699322
-0.6931950611165987
-0.693506454614426
-0.5376869967618341
-0.25185438508360203
0.11592099292380759
0.5049776517817058
0.85324282201247
1.1081883861621296
1.235614721880395
1.2247520814650956
1.088868608777701
0.8614074446244329
0.5884922516723723
0.31929463042795736
0.09613196280770353
-0.05380570154671216
-0.12351995373705305
-0.12708895368718026
-0.09619126611234113
-0.07291239778862846
-0.10018999272851004
-0.21172222462023715
-0.42330169643336324
-0.7273156161011397
-1.0916077996806788
-1.4631230244957738
-1.7758852971725219
-1.9620529021809503
-1.9641900629554971
-1.746608587559302
-1.3037195481200887
-0.6637866132934689
0.11278314391752431
0.9405626048973239
1.7206681152887682
2.3550098158505555
2.7609786267006178
2.8841944365969745
2.707212609900248
2.2527148249226627
1.5805928725685439
0.7793238349133068
-0.04703359306501914
-0.7941754950694686
-1.3727949777368447
-1.721322604480941
-1.8141732695802715
-1.6642502708786981
-1.3194013615232452
-0.8535084084492159
-0.35375671650885576
0.09377158714885647
0.4178012481993285
0.5726506730285711
0.5444195340225358
0.35169900251792674
0.04086305611959292
-0.3230923946599724
-0.6684700455404159
-0.9294367091879965
-1.0570679134639587
-1.0270281155880503
-0.8426770684541085
-0.5332232183388359
-0.14742371086781783
0.2558969836856082
0.6187058358698572
0.8939923440670395
1.0535278637448688
1.0917990032550176
1.025488514003917
0.8887095814628596
0.7249860525449818
0.5775700829357603
0.47999217722666154
0.44869200581155044
0.47918994656889013
0.5465986728640859
0.6104600783699174
0.6230722972333729
0.5397935251003346
0.3293983325079568
-0.017503960639685956
-0.4836835130959295
-1.0252211363374366
-1.5764197290099466
-2.05907006967426
-2.394644119651735
-2.5174193422981626
-2.386303592916808
-1.99327898645307
-1.3668958501954112
-0.5700420390651719
0.30784357395232
1.16301114486859
1.8922271987792776
2.4078606092608332
2.6508194196013517
2.599251897351633
2.2715958667019955
1.7234700444238111
1.0388984250196722
0.3172770546124993
-0.34182179812910873
-0.8535744190447423
-1.1601898461376372
-1.2386385589670974
-1.1026776719740536
-0.7989734504297673
-0.3980922039335054
0.01804067524027364
0.3700642797889345
0.594158003031829
0.6519522107758136
0.5358217711055598
0.26882695066248796
-0.10050927571664758
-0.5075257609318373
-0.8831159455005998
-1.1656965970656372
-1.3113717266006055
-1.3005842261918052
-1.1402119344622692
-0.8608987529275453
-0.5102656875263083
-0.14336990594235677
0.18775462822811417
0.44351357922893464
0.6033935399929842
0.6686378390948825
0.6605210121149996
0.6146158121574679
0.5722009020028994
0.570499257497503
0.6336679623278914
0.7663363534587133
0.9510317766620703
1.150121032650126
1.3120574795420015
1.3809090355619882
1.3074985533991699
1.0601337969537878
0.632907912138858
0.049918479308118435
-0.6355747093580467
-1.347169361909039
-1.9957273943627152
-2.492586473591069
-2.7634577785635663
-2.7607077475633206
-2.4719285169115057
-1.9232699472429455
-1.1768437320542249
-0.3224780212031491
0.5349634578519213
1.2907392468309025
1.8554801755010026
2.1681128181454294
2.2044039364520844
1.9797801509666604
1.546006682859616
0.9823062265725273
0.38239716903354115
-0.16042027834844985
-0.5677082985589811